40165.8
68261.2
28795
33354.8
29029.5
34236.5
46039
26137
63549.2
72069.8
80258.2
67619
50196.5
25238.2
37371.5
34924.2
48380
45955.5
22350.5
19128.2
75172.5
11707.5
28575
9486
17606.5
46596.2
24418
14485.2
12706.2
31213.2
14299.2
10357.8
18222.8
15670.2
24169
84282.5
12877
17877.8
14336.2
14846.2
3877.25
14150
26909
4172.25
19078
16572
8920.75
10222.5
6180.25
15161
20576
47234.2
16810.2
47013.5
10698.5
4341.75
5892.25
18942
13480.2
21129
18748.8
3676
13947.8
12065.8
7598.75
23730
20185.2
19512.8
24431.8
17411
17005.2
15403.2
13190.8
11238.2
23553.2
23393.2
21149
22994.5
23815.5
13731.8
9715
15484.5
32388.5
42725
25117
16019.5
17229
16678.8
18746.5
15582.2
19168.5
17897
8274.25
18981.2
127.75
28064.2
29522.5
26069.5
12443.5
19658
14521
11862.2
27094.5
15371.5
14068.8
11573
6547
30792.2
2241.75
8296.25
17866.5
24558
3081.75
3844.25
17648
12912.2
13317.2
11744.5
2924.75
26434.8
15459.8
7223.25
28647.8
27243
17555.2
10686
18684.2
28828
50078.8
22429.5
25461.8
28411.8
16247
9180
48131.8
26692.8
28289.5
29659.5
39584.8
27592.5
14817
10177
22201.8
32587.8
23751
21492.8
16178.5
13139.8
13101.8
23332.8
22402.2
20262.8
28578.2
21329.8
12767.5
13918.2
18473.2
10910
12152.5
19288
13431
28287.8
33175.2
43837
22276.5
21222.5
21940.5
21545.2
41329.2
29891.5
29676
18957
18129.2
17503.5
32825.5
22283.8
10306
8281.25
21717.2
15309.5
28626.8
18194.5
20865.2
25041
16024.8
7369.25
16895.5
13683.8
5886.25
16730.5
25291.2
36972.8
30502.8
25947.8
11672.2
23085
24797.8
27714
18147.8
13625.8
10153
8903.75
29014.5
18214.2
27842.2
20360.2
