76541.2
97645.8
43562.5
50089
42259
51624
73815.2
40675
111272
107257
114678
103946
72842.8
36747.5
60690.8
52625
80860.2
76901.8
31965.5
28529.8
129033
18970.5
41997.2
16903.5
35219
77774.8
36679.8
24084.2
20083.5
47479.8
25162.2
18026.2
31627
25614.2
42256.5
133104
23046.8
30586.5
20911.2
23626.8
6940
23265.5
44325
7539.5
33679.8
25688.8
15970.8
16327
11145.2
22751.5
30420.2
74406.2
25953.5
68078.5
17210.2
6722.5
9943.25
29771.2
20328.5
30618.2
30967
6225.25
21544.5
17373.8
11422.5
39975.5
29275.2
28922.8
34984.8
25221
25094
21898
18725.8
18737.5
34051.8
33708.8
30505.5
33812.5
34446.5
20095.8
15235.8
26057.5
47903.5
61301.8
37634.5
23049
24209.8
23807.2
26792
22947.5
27458.2
25767.2
11495.2
26761.8
175.75
38923.8
41966.5
37033
21092.2
29183.2
21362.5
17622
39861
21433.5
21107.8
17500.5
14922.5
46578.8
3325.5
15454.5
26552
36523.2
5724.5
5945.25
30833.2
21173.5
20049.5
17657.8
6668.75
40124.5
23266.8
11180.2
43169.5
40256
30845.2
16215.5
28186.2
42303.8
74567.5
33507.2
37783
41549.2
24526
13319.8
71685.8
39382.8
41994
43220.5
60154.5
41366.2
21397.5
15458.8
33840.8
47443.5
35300.5
31548
23348.5
19469.8
18964
35201
30968.5
27619
39236
31497.2
18552.8
19838.5
25340.8
16545.8
17428.2
26917.8
19846.5
41678
45753
62931.8
32073.8
30096.2
30029.5
35421.2
58478.2
41691.2
41251
27986.8
27705.5
30376.5
47141.2
29964.2
15717.8
11331.5
36031.2
23034.2
39736
25973
30100.5
35360
24620.5
11900.2
25699.2
21188.5
8485.25
29686.2
38261.2
51569.5
43209.8
36341.8
16351.8
38115
35276.5
38331.5
25823
19360.2
16026.2
13214
40473.8
30446.8
41816.8
27848
